62 159
0 14
0 15
0 40
0 42
0 47
1 19
1 26
1 27
1 28
1 36
1 41
1 54
2 44
3 59
5 13
5 56
5 57
7 30
8 3
8 20
8 37
8 45
8 59
9 5
9 6
9 13
9 32
9 57
10 0
10 2
10 29
10 42
10 47
13 6
13 32
13 57
14 3
14 16
14 24
14 33
14 34
14 37
14 38
14 40
14 43
14 50
14 52
15 18
15 24
15 40
15 45
15 55
15 59
16 38
16 50
17 1
17 6
17 9
17 13
17 22
17 25
17 27
17 31
17 57
18 21
19 7
19 30
19 54
20 16
20 18
20 38
20 50
24 18
26 25
26 27
27 7
27 25
28 8
28 20
28 30
29 18
29 21
29 24
29 35
29 43
29 52
32 60
33 12
33 16
33 21
33 34
33 38
33 43
33 50
34 49
36 20
36 23
36 37
36 39
36 59
37 16
37 21
37 33
37 34
37 43
37 45
38 43
38 52
38 58
40 7
40 33
40 36
40 37
40 52
41 9
41 13
41 54
41 57
42 2
42 30
42 47
42 50
43 46
43 53
44 20
44 34
44 38
45 18
45 21
45 23
45 24
45 29
45 50
47 20
47 28
47 30
49 46
51 4
51 11
51 18
51 21
51 23
51 24
51 29
51 45
51 50
51 55
54 6
54 7
54 13
54 57
56 6
57 6
57 39
57 48
59 45
61 2
61 37
61 53
